4
-1  4 -1  0 6
 4 -1  0 -1 3
 0 -1  4 -1 1
-1  0 -1  4 12

4
 0 -1  4 -1 1
-1  4 -1  0 6
 4 -1  0 -1 3
-1  0 -1  4 12

3
3 2 -1 8
2 -4 2 -4
-1 1 5 3

3
4 -2 1 2
1 -5 -2 -4
2 1 6 3

3
1 1 10 12
10 1 1 12
1 10 1 12

3
10 2 1 7
1 5 1 -8
2 3 10 6

3
5 1 1 6
3 4 1 13
3 3 6 0

4
1 0.5 -0.1 0.1 0.2
0.2 1 -0.2 -0.1 -2.6
-0.1 -0.7 1 0.2 1.0
0.1 0.3 0.2 1 -2.5

3
2 1 3 9
0 -1 1 1
1 0 3 3

3
1 0 3 3
0 -1 1 1
2 1 3 9

3
3 0 1 3
1 -1 0 1
3 1 2 9

3
5 2 2 3
1 3 1 -2
0 6 8 -6

3
5 1 1 5
3 4 1 6
3 3 6 0

3
1 3 1 -2
5 2 2 3
0 6 8 -6

3
20 2 6 38
1 -20 9 23
2 -7 -20 -57

3
10 2 6 38
1 -100 9 7
2 -7 -10 -17

4
2 -1 3 5 -7
4 -1 10 8 4
6 -3 12 11 4
0 -2 -5 10 -51

3
3 -4 1 9
1 2 2 3
4 0 -3 -2

3
1 4 52 57
27 110 -3 134
22 2 14 38

3
1 0.25  -0.05 1.2
0.1 1 -0.1 2.9
0 -0.2 1 1.6

3
30 3 0 -24
2 20 2 40
6 3 30 30

3
1 1 1 3
1 2 4 12
1 5 25 87
 
17
-3  0  0  1  3  0  0  0  0  0  0  0  0  0  0  0  0  0
-3  0 -1  0 -3  0  0  0  0  0  0  0  0  0  0  0  0  0
 0 -1  0  0  0  1  0  0  0  0  0  0  0  0  0  0  0  0
 0  0  1  0  0  0  0  0  0  0  0  0  0  0  0  0  0  10
 0  0  0 -1  0  0  0  1  0  0  0  0  0  0  0  0  0  0
 0  0  0  0  0  0 -1  0  0  0  0  0  0  0  0  0  0  0
 0  0  0  0 -3 -1  0  0  3  1  0  0  0  0  0  0  0  0
 0  0  0  0  3  0  1  0  3  0  0  0  0  0  0  0  0  15
 0  0  0  0  0  0  0 -1 -3  0  0  1  3  0  0  0  0  0
 0  0  0  0  0  0  0  0 -3  0 -1  0 -3  0  0  0  0  0
 0  0  0  0  0  0  0  0  0 -1  0  0  0  1  0  0  0  0
 0  0  0  0  0  0  0  0  0  0  1  0  0  0  0  0  0  0
 0  0  0  0  0  0  0  0  0  0  0 -1  0  0  0  0  0  0
 0  0  0  0  0  0  0  0  0  0  0  0  0  0 -1 -3  0  0
 0  0  0  0  0  0  0  0  0  0  0  0 -3 -1  0  0  1  0
 0  0  0  0  0  0  0  0  0  0  0  0  3  0  1  0  0  10
 0  0  0  0  0  0  0  0  0  0  0  0  0  0  0 -3 -1  0

4
2 -1  3 5 2
4 -1 10 8 3
6 -3 12 11 4
0 -2 -5 10 5

3
25   5 1 2
64   8 1 1
144 12 1 3

